0.0 [ 4227.08082819  3085.98991348 -4321.3241827 ] [ 0.6328647  -0.18269723  0.36539576 -0.65771444] [ 0.00089849 -0.00182878  0.00330357] [-0.56155386  1.14298675 -2.06473262] [ 0.          0.00094793 -0.00060356  0.00061071]
0.1 [ 4227.35184074  3086.03521927 -4321.27244968] [ 0.63290447 -0.18267593  0.36533433 -0.65770945] [ 0.000629   -0.0016456   0.00310533] [-0.95467896  2.17148955 -4.00556672] [ 0.          0.00157633 -0.0011521   0.00123176]
0.2 [ 4227.61391697  3086.08017382 -4321.22106224] [ 0.63298042 -0.18264143  0.36522353 -0.65769783] [ 0.00044031 -0.00148049  0.00291896] [-1.2298723   3.09679465 -5.82991742] [ 0.          0.00201599 -0.00164563  0.00181553]
0.30000000000000004 [ 4227.86762537  3086.12478241 -4321.17001581] [ 0.63308857 -0.18259859  0.36507201 -0.65767946] [ 0.0003082  -0.00133167  0.00274374] [-1.42249553  3.92908938 -7.5447538 ] [ 0.          0.0023235  -0.00208957  0.00236425]
0.4 [ 4228.11348191  3086.16905025 -4321.11930586] [ 0.63322566 -0.1825506   0.36488631 -0.65765425] [ 0.0002157  -0.00119756  0.002579  ] [-1.55731058  4.67756475 -9.15662601] [ 0.          0.00253848 -0.00248882  0.00288002]
0.5 [ 4228.35195632  3086.21298241 -4321.06892801] [ 0.63338892 -0.18249953  0.3646715  -0.65762217] [ 0.00015095 -0.00107671  0.0024241 ] [ -1.65165616   5.35050984 -10.67169078] [ 0.          0.00268869 -0.00284779  0.00336482]
0.6 [ 4228.58347747  3086.25658387 -4321.01887791] [ 0.63357599 -0.18244667  0.36443156 -0.65758325] [ 0.00010563 -0.00096782  0.00227847] [ -1.7176725    5.95539814 -12.09573521] [ 0.          0.00279355 -0.00317046  0.00382048]
0.7 [ 4228.80843796  3086.29985947 -4320.96915132] [ 0.63378483 -0.18239281  0.36416967 -0.65753752] [ 7.38989747e-05 -8.69709144e-04  2.14154240e-03] [ -1.76385935   6.49896635 -13.43419921] [ 0.          0.00286666 -0.00346044  0.00424877]
0.7999999999999999 [ 4229.02719808  3086.34281399 -4320.91974409] [ 0.63401364 -0.18233838  0.36388841 -0.65748507] [ 5.16925698e-05 -7.81311468e-04  2.01279552e-03] [ -1.79616721   6.98728602 -14.69219641] [ 0.          0.00291756 -0.00372094  0.0046513 ]
0.8999999999999999 [ 4229.24008928  3086.38545207 -4320.87065213] [ 0.63426081 -0.1822836   0.36358993 -0.65742599] [ 3.61507424e-05 -7.01667953e-04  1.89173997e-03] [ -1.81876142   7.42582849 -15.87453389] [ 0.          0.0029529  -0.00395489  0.00502962]
0.9999999999999999 [ 4229.44741717  3086.42777828 -4320.82187144] [ 0.63452491 -0.18222853  0.36327603 -0.65736041] [ 2.52735779e-05 -6.29912475e-04  1.77791484e-03] [ -1.83455741   7.81952379 -16.98573066] [ 0.          0.00297735 -0.00416492  0.00538518]
1.0999999999999999 [ 4229.6494641   3086.46979708 -4320.77339809] [ 0.63480464 -0.18217316  0.36294824 -0.65728846] [ 1.76608114e-05 -5.65264097e-04  1.67088698e-03] [ -1.84559542   8.17281385 -18.03003502] [ 0.          0.00299418 -0.0043534   0.00571934]
1.2 [ 4229.84649149  3086.51151284 -4320.72522823] [ 0.63509882 -0.18211743  0.36260789 -0.6572103 ] [ 1.23321064e-05 -5.07018865e-04  1.57024930e-03] [ -1.85330298   8.48970064 -19.01144084] [ 0.          0.00300568 -0.00452246  0.00603337]
1.3 [ 4230.03874187  3086.55292983 -4320.67735807] [ 0.63540639 -0.18206123  0.36225615 -0.65712609] [ 8.60118816e-06 -4.54542336e-04  1.47561922e-03] [ -1.85867873   8.7737896  -19.93370285] [ 0.          0.00301345 -0.00467402  0.00632848]
1.4000000000000001 [ 4230.22644058  3086.59405225 -4320.6297839 ] [ 0.63572635 -0.18200445  0.36189404 -0.657036  ] [ 5.98769591e-06 -4.07262798e-04  1.38663716e-03] [ -1.86242104   9.02832885 -20.80035107] [ 0.          0.0030186  -0.00480982  0.00660579]
1.5000000000000002 [ 4230.40979744  3086.63488419 -4320.58250208] [ 0.6360578  -0.18194701  0.36152249 -0.65694021] [ 4.15545031e-06 -3.64665126e-04  1.30296514e-03] [ -1.86501819   9.25624455 -21.61470428] [ 0.          0.00302192 -0.00493142  0.00686636]
1.6000000000000003 [ 4230.5890081   3086.67542969 -4320.53550903] [ 0.6363999  -0.1818888   0.36114231 -0.6568389 ] [ 2.86922205e-06 -3.26285217e-04  1.22428548e-03] [ -1.86681146   9.46017281 -22.37988271] [ 0.          0.00302395 -0.00504022  0.00711121]
1.7000000000000004 [ 4230.76425527  3086.71569267 -4320.48880124] [ 0.63675189 -0.18182973  0.36075424 -0.65673224] [ 1.96445707e-06 -2.91704964e-04  1.15029958e-03] [ -1.86803924   9.64248842 -23.09881995] [ 0.          0.00302508 -0.00513749  0.00734125]
1.8000000000000005 [ 4230.93570989  3086.75567701 -4320.44237526] [ 0.63711305 -0.18176973  0.36035896 -0.65662043] [ 1.32607607e-06 -2.60547716e-04  1.08072677e-03] [ -1.86886804   9.80533074 -23.77427418] [ 0.          0.00302557 -0.00522437  0.00755738]
1.9000000000000006 [ 4231.10353206  3086.79538647 -4320.39622771] [ 0.63748271 -0.18170873  0.35995707 -0.65650365] [ 8.73628973e-07 -2.32474174e-04  1.01530319e-03] [ -1.86941406   9.9506271  -24.40883867] [ 0.          0.00302561 -0.00530189  0.00776043]
2.0000000000000004 [ 4231.26787198  3086.83482477 -4320.35035525] [ 0.63786028 -0.18164669  0.35954912 -0.65638208] [ 5.50900024e-07 -2.07178701e-04  9.53780822e-04] [ -1.86975837  10.08011378 -25.00495168] [ 0.          0.00302533 -0.00537097  0.00795118]
2.1000000000000005 [ 4231.42887073  3086.87399554 -4320.30475463] [ 0.63824518 -0.18158357  0.35913564 -0.65625589] [ 3.18629582e-07 -1.84385980e-04  8.95926524e-04] [ -1.86995751  10.19535502 -25.56490576] [ 0.          0.00302482 -0.00543246  0.00813035]
2.2000000000000006 [ 4231.586661    3086.91290233 -4320.25942263] [ 0.63863688 -0.18151934  0.35871707 -0.65612528] [ 1.49418653e-07 -1.63848013e-04  8.41521114e-04] [ -1.8700509   10.29776003 -26.09085646] [ 0.          0.00302415 -0.00548709  0.00829864]
2.3000000000000007 [ 4231.74136773  3086.95154865 -4320.2143561 ] [ 0.6390349  -0.18145398  0.35829384 -0.65599041] [ 2.41618667e-08 -1.45341408e-04  7.90358548e-04] [ -1.870066    10.38859841 -26.58483055] [ 0.          0.00302336 -0.00553556  0.00845671]
2.400000000000001 [ 4231.89310871  3086.98993792 -4320.16955195] [ 0.63943878 -0.18138748  0.35786635 -0.65585145] [-7.04492275e-08 -1.28664938e-04  7.42245122e-04] [ -1.87002197  10.469014   -27.04873375] [ 0.          0.00302248 -0.00557846  0.00860515]
2.500000000000001 [ 4232.04199513  3087.02807349 -4320.12500714] [ 0.6398481  -0.18131984  0.35743496 -0.65570856] [-1.43673414e-07 -1.13637345e-04  6.96998733e-04] [ -1.86993218  10.54003734 -27.48435796] [ 0.          0.00302152 -0.00561635  0.00874454]
2.600000000000001 [ 4232.18813204  3087.06595866 -4320.08071866] [ 0.64026246 -0.18125108  0.35699998 -0.65556192] [-2.01942320e-07 -1.00095351e-04  6.54448178e-04] [ -1.86980596  10.60259693 -27.89338807] [ 0.          0.00302052 -0.00564972  0.00887542]
2.700000000000001 [ 4232.33161879  3087.10359665 -4320.03668359] [ 0.6406815  -0.18118118  0.35656173 -0.65541167] [-2.49715539e-07 -8.78918769e-05  6.14432503e-04] [ -1.86964989  10.65752935 -28.27740839] [ 0.          0.00301947 -0.00567903  0.0089983 ]
2.800000000000001 [ 4232.47254946  3087.14099064 -4319.99289903] [ 0.64110488 -0.18111019  0.35612049 -0.65525797] [-2.90078572e-07 -7.68944351e-05  5.76800384e-04] [ -1.86946859  10.70558838 -28.63790863] [ 0.          0.00301839 -0.00570466  0.00911365]
2.9000000000000012 [ 4232.61101323  3087.17814373 -4319.94936215] [ 0.64153228 -0.1810381   0.35567651 -0.65510096] [-3.25160744e-07 -6.69836777e-05  5.41409550e-04] [ -1.86926537  10.74745317 -28.97628959] [ 0.          0.00301727 -0.00572699  0.00922193]
3.0000000000000013 [ 4232.74709466  3087.21505898 -4319.90607015] [ 0.64196339 -0.18096495  0.35523003 -0.65494079] [-3.56427140e-07 -5.80520932e-05  5.08126239e-04] [ -1.8690426   10.78373573 -29.29386849] [ 0.          0.00301613 -0.00574634  0.00932354]
3.1000000000000014 [ 4232.88087407  3087.25173937 -4319.86302029] [ 0.64239796 -0.18089076  0.35478126 -0.65477759] [-3.84882386e-07 -5.00028313e-05  4.76824690e-04] [ -1.86880205  10.8149875  -29.59188392] [ 0.          0.00301496 -0.00576301  0.0094189 ]
3.2000000000000015 [ 4233.01242778  3087.28818785 -4319.82020987] [ 0.64283571 -0.18081556  0.35433042 -0.65461149] [-4.11212769e-07 -4.27486440e-05  4.47386657e-04] [ -1.86854504  10.8417054  -29.87150059] [ 0.          0.00301378 -0.00577726  0.00950837]
3.3000000000000016 [ 4233.14182838  3087.3244073  -4319.77763624] [ 0.64327642 -0.18073938  0.35387769 -0.65444262] [-4.35885240e-07 -3.62109323e-05  4.19700966e-04] [ -1.86827261  10.86433724 -30.13381369] [ 0.          0.00301257 -0.00578932  0.00959231]
3.4000000000000017 [ 4233.26914497  3087.36040054 -4319.73529678] [ 0.64371984 -0.18066225  0.35342324 -0.65427109] [-4.59216269e-07 -3.03188875e-05  3.93663086e-04] [ -1.8679856   10.88328654 -30.37985312] [ 0.          0.00301134 -0.00579942  0.00967103]
3.5000000000000018 [ 4233.39444338  3087.39617036 -4319.69318892] [ 0.64416579 -0.1805842   0.35296723 -0.65409703] [-4.81419663e-07 -2.50087181e-05  3.69174731e-04] [ -1.86768471  10.89891699 -30.61058732] [ 0.          0.0030101  -0.00580775  0.00974486]
3.600000000000002 [ 4233.51778639  3087.43171949 -4319.65131015] [ 0.64461405 -0.18050527  0.3525098  -0.65392055] [-5.02639669e-07 -2.02229528e-05  3.46143488e-04] [ -1.86737056  10.91155634 -30.82692701] [ 0.          0.00300883 -0.00581449  0.00981409]
3.700000000000002 [ 4233.63923386  3087.46705061 -4319.60965798] [ 0.64506446 -0.18042547  0.3520511  -0.65374174] [-5.22973840e-07 -1.59098138e-05  3.24482465e-04] [ -1.8670437   10.92149997 -31.02972855] [ 0.          0.00300756 -0.00581978  0.00987898]
3.800000000000002 [ 4233.75884298  3087.50216634 -4319.56822997] [ 0.64551683 -0.18034486  0.35159126 -0.65356071] [-5.42488751e-07 -1.20226511e-05  3.04109958e-04] [ -1.86670465  10.92901413 -31.21979727] [ 0.          0.00300626 -0.00582377  0.0099398 ]
3.900000000000002 [ 4233.87666838  3087.53706927 -4319.5270237 ] [ 0.64597101 -0.18026346  0.35113037 -0.65337757] [-5.61230759e-07 -8.51943425e-06  2.84949143e-04] [ -1.86635388  10.93433877 -31.39789048] [ 0.          0.00300495 -0.0058266   0.00999678]
4.000000000000002 [ 4233.9927623   3087.57176194 -4319.48603682] [ 0.64642685 -0.1801813   0.35066857 -0.65319239] [-5.79233302e-07 -5.36229363e-06  2.66927782e-04] [ -1.86599186  10.93769021 -31.56472035] [ 0.          0.00300363 -0.00582838  0.01005016]
4.100000000000001 [ 4234.10717472  3087.60624684 -4319.445267  ] [ 0.64688422 -0.18009841  0.35020594 -0.65300527] [-5.96521823e-07 -2.51710788e-06  2.49977951e-04] [ -1.86561903  10.9392634  -31.72095657] [ 0.          0.00300229 -0.0058292   0.01010015]
4.200000000000001 [ 4234.21995347  3087.64052643 -4319.40471194] [ 0.64734298 -0.18001482  0.34974258 -0.65281629] [-6.13117039e-07  4.68680032e-08  2.34035780e-04] [ -1.86523583  10.93923411 -31.86722893] [ 0.          0.00300094 -0.00582917  0.01014695]
4.300000000000001 [ 4234.33114439  3087.6746031  -4319.36436938] [ 0.64780301 -0.17993058  0.34927858 -0.65262553] [-6.29037078e-07  2.35733745e-06  2.19041209e-04] [ -1.86484269  10.93776077 -32.00412968] [ 0.          0.00299958 -0.00582836  0.01019076]
4.4 [ 4234.44079142  3087.70847923 -4319.32423712] [ 0.64826419 -0.17984569  0.34881401 -0.65243307] [-6.44298844e-07  4.43926395e-06  2.04937765e-04] [ -1.86444     10.93498623 -32.13221579] [ 0.          0.0029982  -0.00582687  0.01023174]
4.5 [ 4234.54893669  3087.74215715 -4319.28431296] [ 0.64872643 -0.1797602   0.34834896 -0.65223898] [-6.58918858e-07  6.31514274e-06  1.91672343e-04] [ -1.86402818  10.93103927 -32.252011  ] [ 0.          0.00299681 -0.00582474  0.01027007]
4.6 [ 4234.65562065  3087.77563912 -4319.24459475] [ 0.64918962 -0.17967413  0.34788348 -0.65204332] [-6.72913739e-07  8.00524542e-06  1.79195008e-04] [ -1.8636076   10.92603599 -32.36400788] [ 0.          0.00299541 -0.00582205  0.01030591]
4.699999999999999 [ 4234.76088212  3087.8089274  -4319.20508037] [ 0.64965367 -0.1795875   0.34741765 -0.65184617] [-6.86300462e-07  9.52784037e-06  1.67458801e-04] [ -1.86317867  10.92008109 -32.46866963] [ 0.          0.002994   -0.00581886  0.01033939]
4.799999999999999 [ 4234.8647584   3087.84202421 -4319.16576774] [ 0.65011849 -0.17950035  0.34695152 -0.65164758] [-6.99096458e-07  1.08993913e-05  1.56419566e-04] [ -1.86274173  10.91326897 -32.56643186] [ 0.          0.00299258 -0.0058152   0.01037067]
4.899999999999999 [ 4234.96728536  3087.8749317  -4319.1266548 ] [ 0.650584   -0.1794127   0.34648514 -0.65144762] [-7.11319617e-07  1.21347359e-05  1.46035781e-04] [ -1.86229716  10.90568476 -32.65770422] [ 0.          0.00299115 -0.00581113  0.01039988]
4.999999999999998 [ 4235.06849747  3087.90765201 -4319.08773953] [ 0.65105013 -0.17932457  0.34601858 -0.65124633] [-7.22988236e-07  1.32472471e-05  1.36268399e-04] [ -1.86184529  10.89740523 -32.74287197] [ 0.          0.00298971 -0.00580669  0.01042713]
5.099999999999998 [ 4235.16842791  3087.94018724 -4319.04901994] [ 0.6515168  -0.17923598  0.34555188 -0.65104378] [-7.34120936e-07  1.42489780e-05  1.27080702e-04] [ -1.86138646  10.88849962 -32.82229741] [ 0.          0.00298827 -0.00580192  0.01045254]
5.1999999999999975 [ 4235.26710862  3087.97253946 -4319.01049407] [ 0.65198395 -0.17914697  0.34508508 -0.65084001] [-7.44736559e-07  1.51507927e-05  1.18438162e-04] [ -1.860921    10.87903037 -32.89632126] [ 0.          0.00298681 -0.00579685  0.01047622]
5.299999999999997 [ 4235.36457037  3088.00471068 -4318.97215998] [ 0.65245152 -0.17905754  0.34461822 -0.65063507] [-7.54854065e-07  1.59624836e-05  1.10308309e-04] [ -1.86044922  10.86905382 -32.96526396] [ 0.          0.00298534 -0.0057915   0.01049828]
5.399999999999997 [ 4235.4608428   3088.03670292 -4318.93401576] [ 0.65291944 -0.17896772  0.34415134 -0.65042901] [-7.64492429e-07  1.66928782e-05  1.02660609e-04] [ -1.85997141  10.85862077 -33.02942684] [ 0.          0.00298387 -0.00578591  0.01051881]
5.4999999999999964 [ 4235.55595448  3088.06851813 -4318.89605955] [ 0.65338766 -0.17887753  0.34368448 -0.65022186] [-7.73670542e-07  1.73499338e-05  9.54663468e-05] [ -1.85948787  10.84777706 -33.0890933 ] [ 0.          0.00298239 -0.0057801   0.0105379 ]
5.599999999999996 [ 4235.64993297  3088.10015824 -4318.8582895 ] [ 0.65385613 -0.17878699  0.34321767 -0.65001368] [-7.82407131e-07  1.79408240e-05  8.86985209e-05] [ -1.85899886  10.83656405 -33.14452988] [ 0.          0.0029809  -0.00577409  0.01055564]
5.699999999999996 [ 4235.74280486  3088.13162516 -4318.82070378] [ 0.6543248  -0.17869611  0.34275095 -0.64980449] [-7.90720676e-07  1.84720161e-05  8.23317379e-05] [ -1.85850466  10.82501904 -33.19598722] [ 0.          0.00297941 -0.0057679   0.0105721 ]
5.799999999999995 [ 4235.83459582  3088.16292075 -4318.78330059] [ 0.65479363 -0.17860491  0.34228433 -0.64959433] [-7.98629342e-07  1.89493410e-05  7.63421183e-05] [ -1.85800552  10.8131757  -33.24370104] [ 0.          0.00297791 -0.00576156  0.01058736]
5.899999999999995 [ 4235.92533063  3088.19404685 -4318.74607818] [ 0.65526257 -0.17851341  0.34181786 -0.64938325] [-8.06150931e-07  1.93780560e-05  7.07072055e-05] [ -1.85750167  10.80106441 -33.28789304] [ 0.          0.0029764  -0.00575507  0.0106015 ]
5.999999999999995 [ 4236.01503323  3088.22500528 -4318.7090348 ] [ 0.65573159 -0.17842163  0.34135154 -0.64917126] [-8.13302824e-07  1.97629016e-05  6.54058811e-05] [ -1.85699336  10.7887126  -33.32877172] [ 0.          0.00297489 -0.00574845  0.01061458]
6.099999999999994 [ 4236.10372676  3088.25579781 -4318.67216872] [ 0.65620064 -0.17832957  0.34088542 -0.64895841] [-8.20101949e-07  2.01081523e-05  6.04182851e-05] [ -1.8564808   10.77614501 -33.36653315] [ 0.          0.00297338 -0.00574172  0.01062666]
6.199999999999994 [ 4236.19143359  3088.28642621 -4318.63547827] [ 0.6566697  -0.17823726  0.3404195  -0.64874472] [-8.26564749e-07  2.04176630e-05  5.57257410e-05] [ -1.85596419  10.76338397 -33.40136174] [ 0.          0.00297185 -0.00573488  0.0106378 ]
6.299999999999994 [ 4236.27817536  3088.31689218 -4318.59896176] [ 0.65713873 -0.1781447   0.33995381 -0.64853021] [-8.32707158e-07  2.06949100e-05  5.13106846e-05] [ -1.85544375  10.75044965 -33.43343091] [ 0.          0.00297033 -0.00572795  0.01064806]
6.399999999999993 [ 4236.36397299  3088.34719745 -4318.56261755] [ 0.6576077  -0.1780519   0.33948837 -0.64831493] [-8.38544584e-07  2.09430288e-05  4.71565987e-05] [ -1.85491966  10.73736025 -33.46290379] [ 0.          0.0029688  -0.00572094  0.01065749]
6.499999999999993 [ 4236.44884674  3088.37734366 -4318.52644403] [ 0.65807658 -0.17795889  0.3390232  -0.64809888] [-8.44091898e-07  2.11648472e-05  4.32479495e-05] [ -1.8543921   10.72413223 -33.48993376] [ 0.          0.00296726 -0.00571385  0.01066613]
6.5999999999999925 [ 4236.53281624  3088.40733249 -4318.49043959] [ 0.65854534 -0.17786567  0.33855831 -0.64788209] [-8.49363425e-07  2.13629163e-05  3.95701289e-05] [ -1.85386125  10.7107804  -33.51466509] [ 0.          0.00296572 -0.00570669  0.01067405]
6.699999999999992 [ 4236.61590047  3088.43716554 -4318.45460265] [ 0.65901396 -0.17777225  0.33809371 -0.6476646 ] [-8.54372946e-07  2.15395370e-05  3.61093990e-05] [ -1.85332727  10.69731819 -33.53723346] [ 0.          0.00296417 -0.00569948  0.01068126]
6.799999999999992 [ 4236.69811784  3088.46684441 -4318.41893166] [ 0.65948242 -0.17767864  0.33762943 -0.6474464 ] [-8.59133694e-07  2.16967854e-05  3.28528399e-05] [ -1.85279031  10.6837577  -33.55776649] [ 0.          0.00296263 -0.00569221  0.01068783]
6.8999999999999915 [ 4236.7794862   3088.49637068 -4318.38342509] [ 0.65995069 -0.17758485  0.33716548 -0.64722754] [-8.63658362e-07  2.18365343e-05  2.97883014e-05] [ -1.85225052  10.67010987 -33.57638417] [ 0.          0.00296107 -0.0056849   0.01069379]
6.999999999999991 [ 4236.86002282  3088.52574589 -4318.34808142] [ 0.66041875 -0.17749089  0.33670186 -0.64700802] [-8.67959108e-07  2.19604738e-05  2.69043570e-05] [ -1.85170805  10.65638457 -33.5931994 ] [ 0.          0.00295952 -0.00567754  0.01069916]
7.099999999999991 [ 4236.93974449  3088.55497157 -4318.31289917] [ 0.66088659 -0.17739677  0.33623859 -0.64678787] [-8.72047564e-07  2.20701288e-05  2.41902606e-05] [ -1.85116302  10.64259074 -33.60831831] [ 0.          0.00295796 -0.00567015  0.010704  ]
7.19999999999999 [ 4237.01866747  3088.58404923 -4318.27787686] [ 0.66135418 -0.1773025   0.33577569 -0.6465671 ] [-8.75934849e-07  2.21668754e-05  2.16359061e-05] [ -1.85061556  10.62873644 -33.62184075] [ 0.          0.0029564  -0.00566273  0.01070832]
7.29999999999999 [ 4237.09680755  3088.61298034 -4318.24301304] [ 0.66182151 -0.17720808  0.33531315 -0.64634572] [-8.79631577e-07  2.22519556e-05  1.92317894e-05] [ -1.85006579  10.61482897 -33.63386062] [ 0.          0.00295484 -0.00565527  0.01071217]
7.39999999999999 [ 4237.17418006  3088.64176636 -4318.20830628] [ 0.66228856 -0.17711353  0.334851   -0.64612375] [-8.83147873e-07  2.23264906e-05  1.69689720e-05] [ -1.84951382  10.60087491 -33.64446623] [ 0.          0.00295327 -0.00564779  0.01071556]
7.499999999999989 [ 4237.25079986  3088.67040872 -4318.17375517] [ 0.66275532 -0.17701885  0.33438924 -0.64590121] [-8.86493387e-07  2.23914923e-05  1.48390479e-05] [ -1.84895977  10.58688023 -33.65374063] [ 0.          0.0029517  -0.00564029  0.01071852]
7.599999999999989 [ 4237.32668143  3088.69890885 -4318.13935832] [ 0.66322177 -0.17692404  0.33392787 -0.64567811] [-8.89677310e-07  2.24478743e-05  1.28341117e-05] [ -1.84840372  10.57285031 -33.66176195] [ 0.          0.00295013 -0.00563277  0.01072109]
7.699999999999989 [ 4237.40183879  3088.72726814 -4318.10511434] [ 0.66368791 -0.17682911  0.33346691 -0.64545447] [-8.92708387e-07  2.24964614e-05  1.09467286e-05] [ -1.84784577  10.55879002 -33.66860366] [ 0.          0.00294855 -0.00562523  0.01072327]
7.799999999999988 [ 4237.47628559  3088.75548796 -4318.07102189] [ 0.6641537  -0.17673407  0.33300636 -0.64523029] [-8.95594933e-07  2.25379984e-05  9.16990635e-06] [ -1.84728603  10.54470377 -33.67433485] [ 0.          0.00294698 -0.00561768  0.0107251 ]
7.899999999999988 [ 4237.55003509  3088.78356967 -4318.03707963] [ 0.66461916 -0.17663892  0.33254624 -0.64500558] [-8.98344851e-07  2.25731581e-05  7.49706918e-06] [ -1.84672456  10.53059555 -33.67902052] [ 0.          0.0029454  -0.00561012  0.0107266 ]
7.999999999999988 [ 4237.62310018  3088.81151459 -4318.00328623] [ 0.66508426 -0.17654368  0.33208654 -0.64478036] [-9.00965646e-07  2.26025478e-05  5.92203277e-06] [ -1.84616146  10.51646896 -33.68272179] [ 0.          0.00294382 -0.00560254  0.01072778]
8.099999999999987 [ 4237.69549341  3088.83932406 -4317.96964039] [ 0.66554899 -0.17644833  0.33162727 -0.64455464] [-9.03464443e-07  2.26267164e-05  4.43898097e-06] [ -1.84559679  10.50232726 -33.68549615] [ 0.          0.00294223 -0.00559496  0.01072867]
8.199999999999987 [ 4237.76722697  3088.86699936 -4317.93614084] [ 0.66601335 -0.1763529   0.33116844 -0.64432843] [-9.05847999e-07  2.26461595e-05  3.04244388e-06] [ -1.84503064  10.48817341 -33.68739768] [ 0.          0.00294065 -0.00558737  0.01072927]
8.299999999999986 [ 4237.83831274  3088.89454178 -4317.90278629] [ 0.66647732 -0.17625737  0.33071006 -0.64410173] [-9.08122723e-07  2.26613251e-05  1.72727724e-06] [ -1.84446306  10.47401008 -33.68847723] [ 0.          0.00293906 -0.00557978  0.01072961]
8.399999999999986 [ 4237.90876227  3088.92195257 -4317.86957549] [ 0.6669409  -0.17616177  0.33025212 -0.64387456] [-9.10294688e-07  2.26726180e-05  4.88643020e-07] [ -1.84389413  10.45983969 -33.68878263] [ 0.          0.00293748 -0.00557218  0.01072971]
8.499999999999986 [ 4237.9785868   3088.94923297 -4317.83650721] [ 0.66740409 -0.17606608  0.32979464 -0.64364692] [-9.12369647e-07  2.26804038e-05 -6.78008819e-07] [ -1.8433239   10.44566444 -33.68835887] [ 0.          0.00293589 -0.00556458  0.01072957]
8.599999999999985 [ 4238.04779728  3088.97638422 -4317.80358023] [ 0.66786686 -0.17597032  0.32933761 -0.64341882] [-9.14353046e-07  2.26850133e-05 -1.77695746e-06] [ -1.84275243  10.43148631 -33.68724827] [ 0.          0.0029343  -0.00555697  0.01072921]
8.699999999999985 [ 4238.11640439  3089.00340752 -4317.77079334] [ 0.66832922 -0.17587449  0.32888104 -0.64319028] [-9.16250044e-07  2.26867453e-05 -2.81222737e-06] [ -1.84217977  10.41730709 -33.68549063] [ 0.          0.0029327  -0.00554937  0.01072865]
8.799999999999985 [ 4238.18441852  3089.03030406 -4317.73814536] [ 0.66879116 -0.17577859  0.32842494 -0.64296129] [-9.18065518e-07  2.26858701e-05 -3.78760346e-06] [ -1.84160598  10.40312842 -33.68312338] [ 0.          0.00293111 -0.00554176  0.01072789]
8.899999999999984 [ 4238.25184979  3089.05707502 -4317.7056351 ] [ 0.66925268 -0.17568262  0.32796931 -0.64273186] [-9.19804083e-07  2.26826321e-05 -4.70664538e-06] [ -1.8410311   10.38895178 -33.68018173] [ 0.          0.00292951 -0.00553416  0.01072694]
8.999999999999984 [ 4238.31870807  3089.08372155 -4317.67326141] [ 0.66971376 -0.17558659  0.32751414 -0.642502  ] [-9.21470102e-07  2.26772524e-05 -5.57270088e-06] [ -1.84045518  10.3747785  -33.67669879] [ 0.          0.00292792 -0.00552656  0.01072583]
9.099999999999984 [ 4238.38500297  3089.1102448  -4317.64102314] [ 0.6701744  -0.1754905   0.32705946 -0.64227172] [-9.23067700e-07  2.26699308e-05 -6.38891847e-06] [ -1.83987826  10.36060979 -33.67270572] [ 0.          0.00292632 -0.00551896  0.01072454]
9.199999999999983 [ 4238.45074389  3089.1366459  -4317.60891917] [ 0.6706346  -0.17539436  0.32660524 -0.64204102] [-9.24600774e-07  2.26608484e-05 -7.15825926e-06] [ -1.83930039  10.34644676 -33.6682318 ] [ 0.          0.00292472 -0.00551136  0.01072311]
9.299999999999983 [ 4238.51593997  3089.16292595 -4317.57694837] [ 0.67109435 -0.17529816  0.32615151 -0.64180991] [-9.26073005e-07  2.26501687e-05 -7.88350812e-06] [ -1.83872159  10.3322904  -33.66330461] [ 0.          0.00292312 -0.00550376  0.01072153]
9.399999999999983 [ 4238.58060013  3089.18908606 -4317.54510964] [ 0.67155365 -0.1752019   0.32569826 -0.64157839] [-9.27487869e-07  2.26380401e-05 -8.56728420e-06] [ -1.83814191  10.31814163 -33.65795006] [ 0.          0.00292152 -0.00549617  0.01071981]
9.499999999999982 [ 4238.64473309  3089.2151273  -4317.51340189] [ 0.6720125  -0.1751056   0.3252455  -0.64134646] [-9.28848650e-07  2.26245967e-05 -9.21205075e-06] [ -1.83756138  10.30400126 -33.65219253] [ 0.          0.00291992 -0.00548859  0.01071797]
9.599999999999982 [ 4238.70834732  3089.24105075 -4317.48182405] [ 0.67247089 -0.17500925  0.32479322 -0.64111414] [-9.30158447e-07  2.26099599e-05 -9.82012443e-06] [ -1.83698003  10.28987003 -33.64605495] [ 0.          0.00291832 -0.005481    0.010716  ]
9.699999999999982 [ 4238.77145114  3089.26685746 -4317.45037506] [ 0.67292881 -0.17491286  0.32434143 -0.64088143] [-9.31420183e-07  2.25942397e-05 -1.03936840e-05] [ -1.8363979   10.27574863 -33.6395589 ] [ 0.          0.00291672 -0.00547343  0.01071392]
9.799999999999981 [ 4238.83405264  3089.29254846 -4317.41905386] [ 0.67338627 -0.17481642  0.32389014 -0.64064832] [-9.32636619e-07  2.25775358e-05 -1.09347787e-05] [ -1.835815    10.26163767 -33.63272466] [ 0.          0.00291511 -0.00546586  0.01071173]
9.89999999999998 [ 4238.89615972  3089.31812478 -4317.38785942] [ 0.67384326 -0.17471994  0.32343933 -0.64041483] [-9.33810356e-07  2.25599385e-05 -1.14453356e-05] [ -1.83523137  10.24753771 -33.62557132] [ 0.          0.00291351 -0.00545829  0.01070944]
9.99999999999998 [ 4238.95778009  3089.34358744 -4317.35679071] [ 0.67429978 -0.17462342  0.32298902 -0.64018096] [-9.34943851e-07  2.25415296e-05 -1.19271673e-05] [ -1.83464703  10.23344925 -33.61811684] [ 0.          0.0029119  -0.00545073  0.01070705]
